93.05910609750032,623.5267117770846,0.03591453285236369,126.96718341266842,1.8180670939636632,4491830.92737738,1180.8732260459162,0.2476198696031855
147.44552742988225,52.97167583110519,0.021121877224606164,55.4216329630968,2.063861887193045,3780633.604257815,5099.013647298614,0.05337011621359984
105.93593311274938,8.040996322955477,0.10225428542994494,144.9136519565753,9.86158382799302,5477660.344903392,2619.0232410679537,0.21646961107001195
135.38607060783903,16.02378875365362,0.025332956868961018,70.47784745740927,2.9078620156979937,5786735.308240752,4009.834428128758,0.23739512959335307
104.70308274975406,231.6470924686536,0.2146345502593501,158.95085687274116,4.55103986701602,5703511.097650598,4086.1633925753476,0.47071702391949943
371.11487545785747,682.3924623202175,0.09511109187526208,143.34027515227763,3.7691657613693126,7761935.827400648,2071.3955576997305,0.23328272337848682
192.19936440104163,529.0088683241503,0.1571561804586731,5.505796381595463,5.795231494446429,5176676.968631845,4969.058076640216,0.33306818127861054
46.03037274420216,535.0921798180364,0.09703987361511558,39.43577562890222,3.481485495154324,6309648.612223649,5957.659472542393,0.1073174680700032
6.921704638790046,280.46309548889326,0.1399685163783779,51.266136304479566,1.2973598600240164,5372808.743482784,5791.735828177872,0.09533016354378422
505.0373751882366,44.32343693549281,0.09526234713051886,131.9287730433993,2.8195701556089814,1039829.081519355,1296.5437246901406,0.4431246095740018
453.2450472252582,159.14506426091683,0.03021035581392062,70.44904830038588,2.598584292769749,4412358.837647425,1732.471304036653,0.28491074961310814
115.50116402462535,204.4488176230019,0.0023168014981362617,90.21649893232812,3.0557151103815414,3358483.372094548,1072.6707298328188,0.41387900674122174
437.6731837910051,55.80121255584014,0.14616624791052818,77.20533981854835,0.31931596402235785,1942690.620384738,5572.922848228896,0.28910738441776695
304.93278147763164,488.0475932674296,0.11946948938937581,24.81892874304311,1.096592147958524,6897315.976831384,3132.152901822352,0.36269944365192075
79.25932431908612,211.5034623085768,0.2592887417575003,91.70676724068893,2.469731800298675,5105089.609860788,1956.8528226492897,0.45408584868596497
11.875566547250383,774.0116504985801,0.3295469941963216,36.08840852088667,7.654556275153017,3262898.840468069,2674.183355139269,0.2273289066653591
124.43525509894042,1185.0929233432444,0.27847625725550307,162.2413229622027,1.451057705554382,4209491.933823915,3502.5697779647876,0.37258646418173746
449.1950562084045,814.6028276833683,0.0027996180372547724,37.96334049348525,4.260867412280644,3903682.6208460857,3696.4264337919235,0.44003625435439153
366.12524584785285,828.4531133551674,0.07193880993160595,67.50502084465677,3.885820453751217,7769086.874529379,2159.3821145560737,0.20711746171728035
67.45004987593838,332.1612680979089,0.10969332829557261,163.323592306885,2.9601870565289876,7188556.025924643,3367.915303253867,0.17476637623329838
305.58353755366403,139.53236613508372,0.04655146775861692,167.44451338608295,0.853214756020509,4522294.08049538,3243.672536880917,0.13236642967065423
35.26912443993163,307.08082315148846,0.09189271185168713,16.808383930833486,1.3859570129215721,1508444.2016445508,4148.0943873414035,0.16110456860603825
266.446860766193,304.98970720396056,0.15119988103585114,162.353426915755,5.801410919187451,3569536.1778548723,1256.6348592711067,0.2557839004643602
85.41119998514769,461.82176423789025,0.09606345153455169,129.49164043602613,4.748672815363769,7786673.413685686,1655.5609819788829,0.28110567655951985
479.9652777022188,486.55402133395006,0.014637995652223235,53.75663758161501,13.960093811254715,1500311.2739465178,4518.137948971494,0.2342689786584315
363.83757470342505,392.9098318059289,0.06802734516822655,135.6137093374479,1.5937338682778823,8374603.096498759,1725.4930076270512,0.16158712566246075
56.55923047382902,104.55398287441867,0.10483044444939772,11.450341141166087,4.15123615572323,5407623.485986527,4608.038768930607,0.050591183342343936
276.3125524681424,262.4394562465428,0.28302717590810633,178.99037924022042,1.9954513845565454,4530179.966922943,5327.924632501053,0.4526921493354687
159.03480342246775,1110.7587051984488,0.06325858637399484,33.71185499383224,6.597021627822121,7999474.889332865,1447.9040040876907,0.1346482293965026
40.05574459844612,377.8973144341273,0.14713264154595812,167.74661019340994,2.3885099441701136,7003132.196813139,1100.563593596084,0.15966703310509078
31.11918311159549,42.395347750111604,0.19392836642791988,141.91179864748662,6.249700131499886,6874646.109271701,1266.3174800311679,0.2552135506103166
800.6520872544619,860.797501356182,0.0383330611221685,29.049550724621284,2.6867904307592636,2161257.719764621,5950.18615006003,0.3113999194037843
420.6712119367045,257.5586068508398,0.11500476135767436,70.74059421913783,0.40940137216608063,8330110.961519342,3592.7093826503283,0.4316017131521187
117.4480008949868,338.45605896613586,0.025048671246326357,70.08633539064361,2.074934448237121,3271075.261607809,5516.626570974767,0.20282561974402386
33.88986206485568,92.50654970346919,0.03339157242874097,72.42618726930648,9.314541303256405,2327722.852038839,5522.086794658801,0.4980628855608468
155.6132889080946,149.62448456649904,0.15847895006553578,177.2790063932233,1.1448766999294855,4583813.046146803,3196.41388423434,0.36571560591915836
108.24585547723402,84.13802681214638,0.08719397870559661,66.37748709996828,1.7416453377167058,3778391.947745471,4318.0262799643215,0.10084258824098291
37.044467576535766,904.6440616995358,0.16881314131622066,162.12910977370595,6.6941623928660325,5515193.085746546,3780.16416055548,0.15787616535303367
674.1551228851448,311.87819338031426,0.14335994371263655,57.83707790893699,3.3189810977516356,4927848.046862986,4810.312336312572,0.33356328457626033
8.309147683608412,542.806131268132,0.005325705289016033,68.72315353885789,4.020957307239304,2151149.4981990396,3916.2559850849248,0.19451756833489808
151.06539397618158,314.4742437122506,0.04194116512505855,171.50648958526207,2.4385064051974243,6292408.7254257025,2425.6368644073677,0.4560473143189068
179.00697388549463,41.49330941145866,0.016235723211111608,86.85074167416806,8.251788755391008,8134014.684686554,4614.238021787691,0.19212731316011677
367.9349866287161,119.69354689200873,0.10603892627800296,48.30987201313755,9.887225190666305,3014395.435020758,4454.3605729094315,0.20760936191982082
20.857898675718605,27.78755040459238,0.19264360337098085,110.07731037997759,2.174564140749786,3218422.7220238773,5770.142471594729,0.0867228031329044
24.52749037537403,802.2479625761828,0.1714702011556276,50.19224809744533,9.95971678205755,7369657.924894218,5178.199692414364,0.08144418846499732
221.44354267125817,273.1076516285218,0.0927391585220959,14.542240635770213,2.4464767537589545,3165908.3625708264,3373.8727411636787,0.42943564646924604
147.65570949092017,441.3808776840222,0.20615980964916827,131.90272860188165,4.768716768173665,1646077.467485136,3686.610556286187,0.46039077165969344
79.84253211621997,583.6342971124213,0.004715439668502394,66.10936772880703,1.8475080166618036,8053177.681945174,2303.543929691391,0.4778710243071006
199.1565006559666,191.53985541326142,0.09291618067912019,169.2335025840596,7.31365818609332,5109128.8515525125,2554.7378500534005,0.21294563764637903
81.15102909842531,486.97298404685273,0.1853927780985418,75.38217964426885,9.710162596186438,6492417.49373228,2708.3333663932553,0.3711994162106364
216.92397355826466,934.6251969180455,0.0062128357244104065,91.78597767878867,7.388089387317246,7825716.974615854,3902.4343589634304,0.12601250189790955
297.89801403527827,297.38917611455344,0.019456849935240383,7.613850039598784,0.029748255539498947,7133424.047897312,2008.0607320434788,0.41559067085085677
373.5978152509955,544.2185497915145,0.09866953831958293,121.04203543999397,2.5894553814239365,5908178.562283129,2272.8783453004394,0.3005767377191908
108.72182947328906,506.6298989419438,0.06506680056434047,84.03532481323951,1.2824636316382854,8348213.48187711,1579.9732964028049,0.18401642383933847
340.55767793472626,115.55862573216785,0.11320139786885558,142.64167995812053,2.539362230359666,7739127.228314434,2528.913318451758,0.4712037641070944
287.46752820905704,290.2622088426436,0.11791283093633668,162.68892062903635,3.4928323208815963,3982547.075784631,4447.848778872223,0.16488001306888928
145.50180634450456,900.4705750988943,0.05108216797039425,127.58694610429788,1.4712664425631474,2477884.258143594,5673.330161779338,0.2975758668707651
139.221189657547,873.4318336059234,0.1461987279941469,174.60170263771323,4.036120002383457,3105197.219893843,5770.442075456802,0.3984319212175089
414.2135723803483,181.1719988752858,0.15536917760575908,165.87162732981574,2.115259516193184,7310687.246917117,1623.9935286356435,0.3314210832350709
139.69466324098687,12.975873216202082,0.25805857735118476,33.28128751573115,5.937777785795892,8113938.958550632,1332.085921973614,0.3473293544100933
170.8847741386371,556.273046898737,0.0026529030600231512,18.519502022154846,1.588757342557085,6395634.246918341,2834.8379003531436,0.2961301543064518
135.53423797081996,181.74886618375794,0.10186137685033644,91.10149395101045,0.7133472922613515,7885667.050564668,4894.695348778808,0.3484135788934624
273.2224710839414,119.72706745544028,0.08734347721276885,81.75739912046032,2.1256530261384596,5605036.547075351,2164.362501974975,0.07304298020190017
32.10656178086026,1017.2933149074995,0.004617909463820499,100.83001935442591,1.106587061603901,2766300.493293991,5487.353530843614,0.3687801591781709
373.3055696905842,974.8175176044678,0.05099960258673472,32.387587270884104,4.103128469621472,4063029.984920892,975.5371283503607,0.49300520874738996
269.46956614911363,345.66664860232277,0.07027506929739999,21.657257077411952,6.764939856768924,1105116.4156997525,4798.321202645993,0.3697738152193361
402.3753330236927,499.9261422605667,0.14640365011995976,144.36311447572322,2.842099708806934,4647840.206175266,3715.9160285878816,0.3398757666008871
190.32332704532774,269.6508140891158,0.2619844317803959,71.3224361504457,0.09790490728431864,5144126.332738938,2732.130404949324,0.06958795099957446
384.6377910338469,602.9979712161204,0.08099852086745687,57.35304842197808,4.324716171172848,1580605.8386442796,3945.8242714519506,0.4609531794478792
553.3596917040711,478.1100523365361,0.21402883250831486,66.9417378540174,9.202134419737963,4045421.774561956,3103.5384143438855,0.4314701460511392
104.71804931056984,568.0009902214073,0.1637704956402885,112.98755068737985,0.6053626570870361,4840668.350294371,5489.357331828696,0.20279676789470624
281.8047874169262,216.17416984491786,0.07821593602964977,170.245604718794,0.2954180682050609,5739999.050318686,1541.9179015287018,0.07637269065827214
93.37722876223893,72.61846963277776,0.008667385162508215,101.06022079604638,1.6762982126473747,6531482.144804279,3856.3029989363804,0.22736873153535697
65.33842784694444,171.52901302829596,0.14641052713960798,47.254455316068764,1.388508237778582,4595095.582442777,5421.95996600671,0.3585817524310453
346.55286399499056,243.6856669345956,0.21692415118955322,118.1068263349268,2.8140723728964674,3122637.9804041074,1631.612032150383,0.46512519437845384
376.1865114513833,64.16155651440042,0.01360054021645439,137.0329027892645,0.6966679225195035,1914634.734162182,933.1322396315336,0.4157287969051288
420.5357175114325,793.0302018268908,0.16074083142116144,20.481608911397128,0.8130028176289252,8192853.184216611,3207.6223458729564,0.30578321559530947
143.63065981870562,151.58118953128968,0.19343389918396386,13.590214368361044,2.6693971805825716,6361983.307551764,1140.2786201835074,0.15392123393688179
47.30047682803487,281.43809484407075,0.1143119921478501,137.0482579653394,10.635244227423868,1539743.3095628142,5512.17176432794,0.32923548629340615
18.20216823137276,178.6474494117571,0.09367211745338225,75.79324478879045,9.683347477491392,4031966.297526193,5140.260978457976,0.052187139873677284
362.8600747793853,465.66239250398723,0.054893890229038844,71.43888740793957,7.191732793940306,5787323.263030446,2680.8002591064633,0.3295353638398484
106.6473257036695,118.88003178203833,0.05521582463181435,25.496175285776815,1.136404197934414,6363424.313053778,1200.8545492231738,0.3511064839183919
8.687399443081127,93.74166573388787,0.01845413432910324,129.10303040850246,0.5704521511263325,8332548.9105554875,5885.182291806804,0.30362808270972247
143.20367260512188,37.90417302649783,0.15853798719002046,160.4946683086269,2.4453029296272812,4195562.303449477,4568.854385547631,0.4529861767243023
8.109230862288825,134.9526612173778,0.0582288153004042,43.95691598436555,8.631527533488482,4584455.484857629,1484.809092827018,0.2380082408927799
395.7582627257568,466.6785734531785,0.04234477058459516,95.12123664545007,0.043449872274791246,2926472.4704822805,4681.512856765118,0.3962856605146617
291.11719767834194,774.5537520104099,0.0379748343494585,41.708703278108466,6.346438093353643,5205088.304804043,2718.6883775488795,0.174936439172223
216.8426413510382,676.0493924901951,0.17787576108529002,38.99352815173754,1.5612865208319888,8945218.087547038,1353.3449686940721,0.08068381856818861
91.99958206891823,273.6904538132275,0.13976979241414608,119.99545275525193,4.0042183397923985,1792549.8726405352,1160.1050325632013,0.40534645733681
14.05518628297612,27.516879837427716,0.12143579090765887,107.32611543810027,1.7063286211605604,5322161.753559164,3573.256929439233,0.07101132825319219
965.3095030319282,259.24421603744025,0.11286983224267752,78.14659963197391,8.687728378508897,7495614.89167327,1243.4016439351858,0.12817541080587183
190.6555061917074,1020.3170494103044,0.07408629854780437,167.08451286282144,4.291324012879223,2625776.816608381,3551.4454817324186,0.45946006805656786
270.3872299248919,665.6748782913487,0.04696480162642545,83.6951643223885,3.3544033545298673,5896303.633378703,1235.4127024601269,0.3580005402876457
149.33825415595334,459.182989152153,0.002985629285203975,102.4634974844313,1.29648091096437,4779224.980234381,4524.657468428344,0.18520260156977847
501.8300108745163,52.498367168681625,0.10077543478976893,62.09452577116522,3.1542760485862145,6980623.721088804,5280.610188814405,0.2552997358352149
76.97154390216035,108.95943012246329,0.12764100294707936,4.0383503447278635,6.174271310838759,1132976.5851095307,5809.605583109419,0.3407299616455769
49.177854231710484,307.5216391022267,0.10201731865506407,107.85836673759327,6.494307436816339,4735743.840020772,4235.223056116189,0.4090709657994212
332.406618138985,261.57731688966146,0.020812737012209828,30.43200357116599,6.9035978636344275,8949586.241605226,3681.196232121097,0.2033528230136648
235.47276259795095,266.9504059761198,0.13140558220836912,71.42715064793666,0.5652986147855259,6578558.898249633,1794.4242435704423,0.2342881381571671
323.61867588266443,300.702473558538,0.030471692747579146,42.77694654151944,1.5320389042375047,2998596.9332793355,4794.624006888993,0.3271279683210782
341.10942641059955,554.4552341790843,0.25727943247211466,67.9000813264313,2.1224651640900847,8548292.136904161,2873.4352776209716,0.1252267513834575
600.6450918730378,108.25579276854985,0.1498786215346208,59.564538556651286,1.2283318487954142,2113177.097802031,5101.729242742064,0.3765248805474348
76.82489190595065,103.32572247592309,0.05158930078440522,25.87229127587027,1.1210200046207799,4973207.241355778,1288.7388033093725,0.11472379920219228
668.3546254626658,274.43962459186974,0.1186459184260566,167.16802392626957,1.4527781849850938,4322468.14972601,2565.3009335968673,0.42059391133413315
338.6716150492533,262.1568447600022,0.04213339804475119,70.35389505973833,1.8998791784867333,2608035.474995363,1890.9981919648812,0.20305446661919807
30.833877079245106,100.33871931901437,0.06828635060043617,63.319968753737314,1.74518468536705,8664961.077000689,2043.180499268256,0.33403426755479326
40.377692391077595,1201.8953470225078,0.0215749412263304,41.86341209405445,5.294958872334419,5383385.55989734,2919.7090146392484,0.3239399758696648
272.8567988752701,92.18057684629628,0.19940140920232052,44.02699399700112,2.722861773584833,3945736.077010143,3823.7479490636806,0.4109066159264637
55.689647251895764,1052.333230837002,0.17893208679157724,144.88147273591503,0.47509226230155643,7089606.20083195,1563.893234771764,0.273911134296171
770.7582674432351,341.66684559443877,0.14926128563994273,110.94773548990521,3.9640545341506295,4908928.189588603,3304.09852013599,0.44830264856425456
52.799135240793895,499.179839311107,0.02407756286787263,24.714549540666727,1.9462395996049064,8452372.437180672,5524.343199064161,0.21201804037737298
441.04083999997266,420.6385001357731,0.2194686530746522,90.14924227150775,5.366428107230038,1428224.4620775105,3221.143582376981,0.05000289680954384
505.1871263626773,80.11433414673245,0.04983195660250584,41.023214031069095,5.644361412244754,7408888.61886163,2349.35029090786,0.15694190764843802
772.2439420595563,530.4582146030848,0.19739016868530118,78.47281970063298,4.328116124173963,7050533.510349863,1583.087504875541,0.4721253628626995
286.48542357509547,623.4379630583275,0.20065301180576467,172.27090499534825,0.24011139414048027,5259504.904936701,1792.6225193638184,0.07680278325482014
196.05435336317103,638.9166224718473,0.021274595759732937,161.6830516545541,9.199953440888597,1970558.5141426711,4505.390848105014,0.20033031962986358
540.4533562338269,552.6949707063737,0.07347309398625325,127.68958059375014,5.675660551610512,8944294.909099571,5969.108508236777,0.4287396890680442
260.6777567251704,503.17163011118265,0.09955184103396489,14.279658628167503,3.5226614690907456,8244504.250766306,2496.9211472497373,0.4015466609073229
246.67274602419354,971.0140576073528,0.02493167703347779,26.164137643267246,2.217335093269099,6118803.629356592,1849.0876597164197,0.49979873133919483
109.35653725487323,586.9821195859229,0.14169442776578306,135.6986045403449,0.6449932615419233,2391558.4275882235,5364.706869189259,0.47640829590311623
480.89190966754575,1110.7821734257118,0.06702815600100369,34.276008468469534,2.6007520183134822,8138509.828094932,5954.875124980033,0.20707214463746243
378.8154098526876,348.13735996184096,0.024368753648118996,130.27123307811937,3.2980326659067885,6711311.788492581,2712.6736269094663,0.2202305646775234
141.39249494152216,230.64846481773864,0.2087228419043467,23.885919879219816,7.825811635047824,2328285.2604091465,5745.123524656614,0.1921892489085193
578.8904961172093,620.2736594413734,0.17503691255390172,20.94817830637647,3.978737998431953,6961604.846941963,5035.1166448542945,0.1546104065323065
101.66935131993779,302.4891000543377,0.16511283676944688,73.41665498298084,4.920086439628662,3144922.062182938,4448.485851646865,0.18383380512549458
230.06692407095005,818.3238602436884,0.14171236976615456,117.6950389680318,0.870968090834492,5428036.4413605565,4635.019392540409,0.2744614388357597
366.4651322515597,414.81109549915675,0.10072385313500125,36.402064288236545,2.1655692871045247,6337289.490842421,4848.060930224956,0.18015861724730597
8.123150851265386,650.6149082218177,0.035479977080863895,96.35861387021129,16.127436386058143,1369278.3017410203,3652.8612377611344,0.17060170763790564
207.29216038891443,533.9105492588709,0.008817866127628457,168.63079118329978,7.599528014292163,2774110.9575512074,2728.671252355516,0.4529172882721568
409.27918237255903,323.70072718156536,0.1038748767530817,127.17299051824617,6.8201129159380605,2279511.773632233,4224.655079041035,0.13400418765635227
131.872219258464,51.93618982818076,0.06343291758645045,174.48324294836476,3.496067019484014,8087596.652992502,5443.516317071431,0.2485096343957734
289.92959294540043,606.5268312568135,0.08510735126643715,38.73733575555128,4.365300056159926,3678728.2586809173,1851.9677043377283,0.3367621061715881
710.1030796418927,711.3276706982416,0.17337740770457288,85.73880019342178,1.7979084130464855,3096083.9708925807,2941.167153014956,0.18582291659154898
102.60006771360193,563.9770463742973,0.0005491625835801067,28.01441790961914,2.292275881861916,4535750.608410317,4966.264132757356,0.39072982034232756
155.12407821256238,367.0003431967005,0.11453811671466636,171.5562579821119,0.3896379115907651,2764231.8873639954,1552.0171243464752,0.15814114543660654
70.09265329525397,50.82114657473719,0.033937977497552924,18.88275023728903,4.289214117410577,8673246.184179626,2463.1585028327204,0.48333392803427727
248.98770791971083,68.37746309333164,0.06256703746961828,63.62082118501898,10.81295429567829,4993226.555066535,1511.6673063988987,0.18519585069642613
358.1557427430826,386.115649733529,0.11120499347738116,20.62732778705506,7.9381138010637216,2513431.731862272,5292.529161018093,0.14887560520305484
467.8112465015044,83.88278006097859,0.1455802073808198,27.974303006149842,3.064371610001254,4491757.798674861,3370.0112264302725,0.4019186988067525
347.81468452784407,348.81078686001507,0.09970164783589644,11.061304681835942,5.834629791516584,8088727.644259274,3182.395591343646,0.43481847513422694
122.53292839272453,1.0153271227481824,0.1648788540758155,176.60981361642084,0.35987874937421893,1794487.0608896678,3607.218671205169,0.16027636270005707
477.874534102048,881.4016369394271,0.012813525672244586,101.2469786293662,0.290474068981965,7862542.657561047,3036.810853956665,0.1096598755476233
111.48968001725599,318.5842583138626,0.14563242512517371,38.65501015275064,0.7916528340277498,4326288.482088981,3023.628479438273,0.12549826150664523
351.6526556998697,110.51999456679756,0.13425108577674597,137.11210146447664,0.9843629250607857,5139773.2480887305,1887.7064149334315,0.2342945572978406
25.399820521560734,1036.061079212105,0.15051711899712134,168.95100272093114,4.5642703646272365,4097145.275844018,4270.966375311095,0.17634794199284232
783.2224275845589,272.9601536499453,0.016673230917545287,41.333888339802776,3.0892665615216526,4179886.385828994,5064.879770979324,0.11272681189816847
353.25420350610716,482.33586415886725,0.11991204650502277,7.660105952978533,5.102418524218395,2657203.4155465765,1685.645181327323,0.47788291583222986
43.458735508797446,545.0411158308273,0.23251779737999362,7.443045419830137,5.956665225796072,2574038.767054927,3722.7453839510117,0.47980605781855684
0.8624533612545271,243.9684454911394,0.13019845353266574,137.42413645467252,2.859500599035579,3990606.099669253,2687.8831846145913,0.41272483950855826
45.54808887006417,402.64752444108825,0.2012266822637201,143.51595507011012,2.336072947485852,7221599.191970334,3561.3619410464776,0.25824011851885875
599.7953781669768,122.14396072387788,0.008358260038615895,148.77225658558027,3.84730183297758,5895585.8312593615,2956.9716815220722,0.13135640091134873
464.2702128508122,404.6757655057681,0.25088314272088696,129.76624408004355,4.046725867206159,6866385.566191414,2672.6132904396895,0.28360541621423163
286.42238657647147,333.4272589694855,0.05944862778487992,158.25858952084448,0.04631908163767062,5507032.036026454,2817.225189700505,0.18058783769225478
204.70508670470434,637.0711136589621,0.11753369544177537,5.845129454527001,7.578897151604381,8421420.135126397,935.8538014706338,0.4703886500811664
317.95268645638805,1221.713505266817,0.10656761006930822,89.59102348150238,1.090973734397261,2144053.90967793,3670.5631924913678,0.4464678253009203
59.559532732635006,678.9200859896633,0.13535464571066216,51.271711306572655,1.8817300518945321,6586225.191917071,2999.448733790517,0.14280203552825274
121.60528637045438,475.8151382328531,0.03147832224351396,148.16048185220274,1.0493489753708107,1793144.5095423495,2305.139660932099,0.1735424981217073
223.77950015865636,273.9752343605892,0.12032412128024084,10.05766576879795,6.6002590561770615,6033057.906994313,4252.342550656003,0.27654848712013713
233.65105372953542,946.2482595889104,0.00967276884637272,79.35562649866546,14.738806840705626,3624266.970705238,2240.2075918064697,0.24898426535010315
101.22536316782842,12.724440852568783,0.025284772113719614,66.24825167498916,0.15759271768290262,3848748.788123661,1027.311836039734,0.48764999331675235
600.2250035206298,251.18226466491672,0.16661841771624586,20.996567969467097,6.25369047402792,6114428.748289246,4822.441067461241,0.17919699349597462
142.39907669307925,137.0062727238446,0.13091070710949676,79.96521000386976,8.625254790721646,8714151.947444659,2731.1232646553467,0.4975529263089691
181.99961412333175,712.4432750596546,0.0008631957304724852,15.639630997716074,11.865885810349958,3283009.6544003906,4101.7369272173655,0.15653951226807264
469.068392052764,456.0149470784768,0.12972869080947136,74.30855262147618,2.095385311168347,1649039.9146466297,1669.5434666590097,0.15061080950998118
362.6055648300064,409.01069472759724,0.1403975591981105,44.367904459323846,3.571095075220597,4320924.316164792,5350.176937896016,0.2909134051364912
486.38387711716456,60.3616186081906,0.0656448570911854,129.9567058365088,4.588281192751095,5674914.348462952,5814.885054449653,0.35646439834021365
96.99663817190772,771.177698513238,0.1274079092127894,173.22327024415145,2.4120636905134005,8941818.136196308,3947.2525451791475,0.3067429861600157
617.3613134243548,440.62382584470174,0.1723945767988134,63.97543069452761,1.3578176064193634,6225814.909074303,3484.033895614247,0.28961656609565384
35.07822503928812,661.9477618040626,0.06292266671430377,110.08376719876543,2.20304482227783,5452039.6081401305,5691.057910495362,0.3997053294890509
45.91041317676699,175.83642291485899,0.10561981146857308,160.52982659861127,5.392683512259769,3731869.8523517107,2968.314149846261,0.26131035219525345
311.4497406149706,616.2138187769372,0.03516965627760259,6.712052855309077,1.4838543141306597,4661009.876292095,1507.7092947676101,0.15305633181759642
433.7738633262649,575.3716485901788,0.02581346980013291,108.29687748454438,0.7468513929868763,5119615.302478764,4995.269769784178,0.2553359212453873
386.639884516801,15.829835020387108,0.14584059348110665,83.68122903373927,3.5659262807408867,5224604.058640743,1823.3059942592731,0.21220068676837156
93.01047507522425,28.200611414032046,0.007834297517863617,44.9471005844775,2.4755493282115166,5889203.209839056,5333.885910974514,0.2828582662726042
315.47155459341025,680.5728318673646,0.17197436265793442,140.0648751882241,1.520667156104352,4135303.542261595,2871.272717158309,0.28285733822221265
285.011791396064,237.44030119278233,0.05731657241332236,22.727735863756816,0.16286095351837687,6626689.197828446,2346.047538497643,0.3843593272077989
233.83900700304673,618.8935081082633,0.04996396404611778,103.73637279270012,7.6061998192802465,5754777.646247109,5446.855926995572,0.15560023130785758
159.66397008700477,1075.3524077590796,0.11100514559118234,26.800911218625988,1.412996258921866,8307091.302406402,5884.915325180971,0.3091555264029116
561.3231081997491,49.34743771497754,0.17347600462066048,62.31566856109555,2.2533024305137417,2046770.7743365597,5245.974047218946,0.19643113251576466
611.8646786065217,295.75833579187224,0.052360727506532354,132.19011621303224,2.9520308491273264,8276290.22419632,5030.317397106303,0.43701551406831746
378.35058717400426,628.0092870743207,0.24198639798253188,133.8417618760259,6.389940799638478,8535198.643623162,1562.8181513993673,0.411799925044925
167.44860553804278,4.526052174078606,0.027314001199134103,65.23384050509091,2.639139421719914,6787592.23540111,4244.593060052866,0.31672885136505646
91.4963025337395,400.733899124421,0.07417330094797656,18.420058219205846,2.508082117981349,7224452.852834596,2689.495497049806,0.3711906464969017
240.70260926426,216.35949846448977,0.09199052105880076,108.33496639990426,9.172732489197504,4695665.036500215,5977.70196850232,0.2823739146129518
30.720490278273886,823.3252052419404,0.11822862661660483,99.82639936707452,3.879973620811139,2939846.5686808643,1370.7827398497645,0.14885296605661824
292.19818609627083,1121.1906944379896,0.23123285222311749,27.074855900086416,10.204959247603039,4412881.860756084,1148.9869683380834,0.38865548697121005
261.9862082838753,409.9701850830133,0.11268594462647735,64.99127782805729,8.380111555339356,7127340.742009645,3742.309370036518,0.15304275356364203
372.77124622520824,892.1847134541802,0.023813775530707612,114.37322347480494,6.032771816358194,1261811.322805909,3207.687063129233,0.32336816464851537
333.2141548152845,77.04495517005493,0.15813855889997475,81.13832257536825,6.147720119597869,8938229.874174125,2727.404311055936,0.24951078035653468
167.42044821669626,594.8640325399512,0.057459796111033024,89.83510686690418,3.976564779312861,6952662.982349401,4776.025612198655,0.4417161893890889
169.7496366637348,149.40993678772153,0.12021120210880552,26.28349353387613,7.247385156137883,8192544.687682767,5574.216452876233,0.29366021164315853
127.55249618572037,197.08301709520072,0.011979657097630048,67.623079318459,1.5511673995920439,5305710.243693811,2386.6507828198864,0.2911572559822302
297.6956666858025,413.93847928391165,0.12724626206955789,36.54542710947647,4.208455208070814,4309438.650966051,3937.313914543501,0.14141317667775813
81.08006856584942,208.06990709094276,0.06788901771130036,7.322345533915127,2.905313825298946,7355794.598652173,4958.170946975269,0.278333506291654
142.79535022365562,139.64720696427025,0.01617763928217733,164.86066311306269,6.522155585029078,8501534.927113963,4045.7558503645428,0.07939985058254166
50.9433967446318,202.47961929852028,0.05357858911192842,47.95686445485264,3.3750507930154448,8180942.626693921,3100.034494976871,0.3363181450542494
21.01496541656651,75.80898997438331,0.03839747695431264,59.46803446376758,4.378676551665423,5369298.722767741,3695.0293075194436,0.28446564695368487
644.835136426416,144.97775722383577,0.19887099312034723,151.68996491740836,9.474336659448975,5065377.046330098,4773.529370122111,0.2504067873073627
184.8774693125256,6.693056081031383,0.042979729807708644,32.1274886887065,3.794064592909459,7056380.665662907,1606.1132234589882,0.2203537371751536
281.2109681019684,506.36859650197914,0.038037175540280785,131.74298293274393,9.682351805653902,7003448.689522323,3958.9822543294413,0.40172938916963863
444.5898445702925,555.514035858769,0.0903123237542194,108.49123329015087,3.7606869036770827,4797210.656485592,4937.0700458803085,0.2716807713606569
137.76364475018917,227.24777579421823,0.1050738708207085,162.66227551116336,2.7943997951951514,6905895.494240967,4540.996388388782,0.3553277245740195
156.77285744582548,922.9393388768383,0.16644541503443785,172.6175565759471,3.67561829524618,8545835.317116339,4144.94150870512,0.24483894504038112
404.45080724385747,876.3371954357058,0.11606636301060017,74.36719261649486,1.1150419905953397,4245330.396307392,935.910810832674,0.33876681826184685
211.12529032844915,752.0052824715542,0.19870157759237095,138.82211922906757,0.47387974125917987,5948473.88267556,922.8878747288973,0.16030172069606652
317.13213894692666,1071.825176254759,0.017661931043036525,54.73895316516746,3.5641817402886637,1000575.8809640221,5051.702451657975,0.23326317747402436
206.84988075988215,646.2493065485535,0.07146157798707392,162.5232969353977,1.0900581014544461,4522099.281073872,2888.001002963333,0.1660301064537853
74.16703033412932,102.02131128753132,0.20686879701296537,159.71430580833785,11.694851263990115,7255152.440599418,3693.3861905402973,0.26956846631648695
209.44038903609493,503.58645361840183,0.13472354542575193,162.34227619202468,0.5644376698176566,8549124.700363394,4064.1108338768154,0.45690737895958344
381.0333572239574,178.09655771418437,0.2099986230669444,20.442991600019383,3.351121664675862,6987399.7795869745,1598.7489344509754,0.08744776883614747
179.79713929608073,140.3812583139838,0.17642835016564634,149.5432843248362,8.871613784787684,8240280.688548735,5258.728976770346,0.28865241476366593
289.96972904027155,298.6176833513786,0.07895673384751473,174.17359515233858,1.0850487617585522,5333168.641011731,4835.476000657695,0.42421257239835064
28.256702557901157,36.419266488505286,0.04570373194753721,56.148993109779724,7.547894885665042,2471801.3493746636,2803.2694763818954,0.31776243044287605
615.9787097975624,88.23354906376106,0.050119172805709836,11.811522966205878,5.191106824487742,8262414.486025816,5530.550322318237,0.1130785338865308
534.8923632874098,713.2593825230016,0.10834189530157995,17.661759580148132,4.043683493590653,4856553.990126377,5548.775545940361,0.45592699029662187
19.254149741054185,324.4810282892437,0.09714476593547788,116.21231968133448,7.0392276113759165,5857299.626344398,1646.6117543644707,0.2209267614586608
431.2895725442488,253.19833581330158,0.1782563556292212,9.180528035886525,6.433819402677212,6497372.5862508565,3702.0127330513733,0.3842080321669311
400.16087796821597,860.1964185786786,0.09000549982138106,163.30900491029305,11.743770754602796,4371716.626544156,4533.664195779005,0.12643151988183204
265.2865337198089,1112.8322804121567,0.16632799712699314,151.677917388842,4.008814815499685,1077872.8532664017,5805.722666676112,0.30317078593446645
79.49102688484773,862.2138570845968,0.04831917601732508,113.06409528485011,0.8330940921735747,4271374.542401969,3209.7014933209825,0.09786279475505902
21.367197038572233,161.88043977007715,0.0823004929516225,65.11489297495224,0.07389659003804133,3219825.627934639,3099.5935290283646,0.27319480745560787
372.8202816621826,1382.4443404493995,0.22816465987925255,51.7698102271622,7.645034612348512,2886974.268471442,2452.0306620518686,0.1894092777290624
170.4656985135425,821.2065450883713,0.06476577819652213,65.08869625825447,1.6072301562114837,2722715.0190170147,1926.7046535001227,0.05031957051715122
438.07365290119975,374.5153116426419,0.128763543529749,13.5111048678332,3.6515125820482934,1121243.6677803241,4515.383762990439,0.09232025861361315
371.5756944613288,173.86446885207118,0.05976606649550562,58.19112341127523,4.896757761501932,1806672.1303963414,5472.357309055911,0.2582348929893393
13.991850951438643,963.3009973226256,0.08551695384143534,144.94522971430212,1.4796735803830274,5890297.078524127,2547.534212246408,0.42793322330320643
100.18145062630893,277.9998432052089,0.0871945472169299,52.16284307429611,6.5921351892103965,8158057.550224925,1830.0785354984514,0.1472078608465371
390.7209388147188,75.07756365607622,0.0850817521360882,45.58685510224989,8.627712608153873,3930236.215343826,4133.719291799176,0.23504692262401916
133.28170202468766,194.90760805438373,0.1301277939237871,86.76497650145745,9.533198871210896,3662706.046795675,4614.705614286666,0.1597177411022279
96.93470972227855,287.02430520954437,0.02227503139090048,144.5758492287852,1.6091757886699904,8936231.005766321,1151.8919030154186,0.18375763769592507
69.37953361500448,102.71974778022633,0.14447617137952667,22.007947828302314,9.442520313577807,1347909.8271804117,2033.0873510284757,0.4191871719551854
58.07468813875313,458.1032878017245,0.13189466472158842,103.45672375242631,4.876934169500027,1143412.199946214,3481.3947350042695,0.47986627249833785
149.91839677787507,523.8303454193856,0.13261127465019462,117.1294043082577,3.3795143943979746,6360169.803720991,4186.363280239429,0.10117133381306234
106.08590857334397,420.6375138470736,0.06748185780431887,37.67340381881473,2.5782323089609953,1799187.3481744172,4703.944899399021,0.49058747281952175
248.87981193460666,998.9457551420018,0.02715539984531498,133.37471171236174,0.29025921189073234,2755649.8198892474,2174.5813117550956,0.15579625203267444
565.0812886645813,468.21909984513553,0.1310439346206459,173.59135594694595,4.3922738477444385,4093390.787051965,1839.6929606885406,0.249893592080073
579.5660614659832,308.2272837689604,0.15233369957073287,94.69548674053954,3.8301567069366937,6423483.405233597,5579.563582442106,0.07110211299124912
197.32843964461472,607.6355769106324,0.1889091268797613,65.48714847541792,2.024855273435146,5400547.577805531,1106.2233134087633,0.08584524152658415
32.75368512913468,406.0976303358999,0.16639339006022527,114.97756780634029,10.477625986318564,2782044.2660599267,1373.5980317388,0.09190052502086105
414.9015939955381,463.731597916041,0.12512445521789226,101.95176781920374,6.514697365802316,1404350.1505123307,5316.521207537954,0.1591101167738904
293.8772236974269,176.70690688204834,0.1298554850767419,127.90718301440565,0.5651424619372839,3235870.654014076,2730.2836430982097,0.45852733312926675
93.90627274451356,259.0865201899202,0.0786540200402708,102.96758684483729,2.331109940613086,3260696.534449334,4317.807625760957,0.20224289823219943
111.26389148294378,795.9284115304091,0.12608366833542928,144.2745884404972,10.830705709891046,3036213.795284385,4618.8330857146,0.3744226207534506
88.05968009678188,254.66580355544502,0.12150303060256508,114.07315532174235,6.279635689264272,5477679.024993386,3775.456617639219,0.27128736000115
221.10029702946545,1255.287535851721,0.08653681977278858,5.784728623142263,2.1410196725853345,6245807.513118998,4156.558088255432,0.09569800438009171
54.95903569558217,180.51128307717636,0.060087933122934326,171.0758227081898,3.8704864070905387,4449294.135273082,1910.4511434388205,0.30200985772749095
352.8969750882181,61.375694644301475,0.22410494141711346,132.97759264239738,2.425352393607705,2584569.0910562593,1043.3336726826783,0.3114837273929865
106.05724103881862,28.02366936823382,0.055912607286967377,90.3414330280494,8.05288732590438,6622610.448351249,2030.7173594392232,0.38082821017019425
263.6887359417961,264.08094098303036,0.2307430952156918,1.118715369110499,0.2191936958110885,3361910.8349054107,4329.130052989001,0.3058367337475406
46.41233538121784,260.5290978619699,0.05782459197164162,112.50737254274652,5.028564037538978,8089432.086660047,5841.292791169241,0.26656453977585987
45.19349349071712,209.13281462492776,0.09419222637764739,95.08741532132898,4.991171339082953,4945037.9929026645,3350.274040439758,0.22810408862737713
244.44745974185338,69.83507161607905,0.030463473548126938,83.99234459098389,3.068370169615667,7634148.744395487,2470.9716842026405,0.08800043599985607
242.8310235192625,375.9140252478447,0.13382870373102043,100.79371466862548,1.9838490269016937,6383751.347366032,3901.2242971731134,0.47890146573698117
69.69375960614936,22.462134020193936,0.12303056893697865,50.92088096944495,4.558945068602424,8934411.526144728,5752.034056496151,0.47759822724664774
42.043936124373495,550.9304101220972,0.13360799230681233,37.52850932927808,1.0626350594247893,7124756.368519857,1161.0785488855968,0.309181250434359
324.9198259018587,15.05552149974448,0.11015413255625119,158.74104008504793,4.136185344508488,3250261.9830609635,2162.510450372206,0.4557026935367193
347.7887681942025,229.48632576705387,0.2517772756761456,89.62657519940029,0.7076842146633391,3785758.362552037,2925.8759191036715,0.35406836197306735
428.3985319181025,700.5250822826107,0.19758735197772842,84.41737664281601,6.095354971578303,3925801.50348376,1787.1628771384903,0.2648759285325721
75.93048914336372,181.48307180945773,0.10247321020836538,120.80097338499668,3.162112657383867,2146404.3021554407,5339.317290782063,0.06932003251956721
294.63025368435314,402.05332637548844,0.06624735034899717,16.84566720155171,7.023965875778244,2264058.7507573953,2021.9096432536119,0.39951453117878144
125.11057904730558,56.29370720783294,0.0100976268539201,94.89488539294749,1.5514615784058745,4758391.475722867,3330.868401641099,0.06615401975968546
82.41278345096322,218.92522219471476,0.09284743908446601,70.24148872806623,6.743652960591578,4442697.854521626,4707.328576817271,0.48784956713105837
453.63453830835084,14.533452979628947,0.08963674354381489,6.102624536736593,1.1304948622880695,6620621.7490626555,1521.5535068928523,0.39284624485466496
416.1067697117124,310.7494106647501,0.1967320762405262,128.80367515723606,4.7833745478584495,2736551.323637983,1216.4586074398374,0.18497715683854055
585.4695578789748,430.46693941874906,0.09106098561680173,78.35690472356046,6.920265195495836,2121315.8793246495,1638.7583402465032,0.06858346671443194
252.67056926829758,0.03921443050689,0.0269180563875039,108.9182015920231,10.274619836208181,3778688.930585844,3338.338083847883,0.05026211989527483
12.806386862846576,312.91888818946995,0.029548213698618625,133.66659651871467,3.687444157436889,4482262.298877757,1519.4027545978388,0.24600613746684874
789.2342163178686,342.2277843893632,0.07077066951900787,22.222066941610812,3.9711897979971162,4066475.817404088,5031.41816401313,0.4355910989131589
133.9462780926117,379.38648532270713,0.1363273165906682,135.1917540083365,0.8766026240029394,2774245.728089933,3311.0389570750945,0.4468487041013651
87.40243947878723,678.4074020563297,0.16430513300434346,110.61053170376465,3.3452160824600794,3821594.055511601,3811.4227189922976,0.16109670205275445
602.1055117138675,292.6006349253438,0.019657478618243615,122.47596471248198,2.8597803342732853,7749524.606224763,5316.3511685936,0.21218975785515098
618.7332233715869,286.42663063841053,0.052453948685990306,147.78242785987007,3.983250489673805,7729442.701564025,4975.04289616513,0.07561123707037036
87.92948690552335,103.48448584064607,0.07321174128560755,71.71583172528996,2.6629001730642257,3671271.1314015733,2168.252574996875,0.12106063012420247
152.3344248766601,362.0633786845517,0.1317330879308164,157.895563708852,10.448224629201329,3447476.713484968,1252.544375223001,0.37694473687277313
274.9999585449654,378.3596114772293,0.3096514818191536,137.5428407922083,1.0408980668484649,7344681.884841382,3884.443855191984,0.20602684917513903
9.668127698086977,56.16595220746373,0.0719834520967836,51.943736623332356,3.017876403041483,6391240.051414088,3887.388289316168,0.22778870737303425
76.7322439748699,19.58365990890139,0.14434667922202862,55.02289445132443,1.1851686050861128,5729228.208850605,4510.223806770578,0.3659809647839937
927.4722752826526,534.8268822151452,0.036407958740872715,114.66343044573995,9.579617070371178,2023530.7758643143,5714.578747680269,0.3731847602633414
122.2157235806855,242.14743778434251,0.08831268534620731,162.48486570034746,1.2949003964457575,5597960.574563475,2785.601630132561,0.4297653796424524
687.1567333463128,390.52525394550287,0.13984992278320058,76.06429750901384,0.07229585096944549,3281802.16379024,5959.789350169832,0.25381069214817975
2.6301921905367536,345.0264330932957,0.03285350475952857,84.51696012332893,3.273704256861168,7114003.9028206505,4169.955182521808,0.2095448543470511
84.30112301105112,411.44035608512195,0.16833313655309032,41.33645294216427,0.5074766085434836,2571781.7168317493,2321.194708650071,0.4242376835871018
225.98269906333195,738.5795012656893,0.1530908668954714,1.845186069711675,2.45672368315069,3390964.731389774,4349.0555373737125,0.16191451759173758
250.67056684208805,272.51441019191714,0.0849296911143898,28.16600674929597,4.210167046839567,1659742.5525990736,5037.881324681383,0.062443687485650344
499.39941919741784,667.3006808268295,0.19172252210032087,178.26479130221418,10.725114718076622,4873607.332781859,2669.320761322986,0.14736786956594533
228.57026851208923,403.20089449273763,0.05694969783206321,90.09387432893448,1.0870645544924948,6639666.523259782,3104.5531015008423,0.08928024835243506
448.91989410623466,153.9299310575903,0.12369322940058955,139.02320488571058,1.1976043537648233,7930431.253366599,4095.5075033843136,0.34177184067209704
64.66052286169216,162.2298822453615,0.009575043898113797,44.72347928117215,0.9084888815379436,3510928.036998151,2842.693198429109,0.3922190093255812
226.63963712814768,286.0878235478146,0.14975237317871024,8.40027652046372,4.982018542463139,2219221.075785394,3416.6638048101095,0.15066894320708918
107.08994580540268,130.55360223027645,0.17901322745181752,81.42055096486516,0.15158603796492792,8443942.66534858,4488.394271870795,0.20372740442022308
207.67066620773636,170.49148745486718,0.24428890712513113,95.50536441208337,2.7402431237404747,2752746.586189634,1736.1484254147322,0.2896655086263447
140.52619984113502,428.06251686876834,0.12287406701852359,100.12045551090081,3.70064587984198,8027348.378645459,1331.5087839300254,0.42321118600264224
241.9359287068911,761.7904958999974,0.1046461264096018,7.342684246722479,6.408653757108807,7516042.075663771,2096.053050485337,0.2496104232859611
237.65625425332965,202.921649568263,0.21138882915851948,178.07919614015105,4.1209855890551275,4690495.7611462185,1385.1540338387285,0.37592703460489746
413.1884982174252,466.71784069699765,0.030170411445994014,36.17499180508709,2.42454413012751,8708661.906416822,2358.6951756737867,0.4006251428539734
291.84621824937904,22.213669293367488,0.061952675964001204,72.40335281828935,0.624632253908369,1100397.6859555093,3367.43417824241,0.2534528581560535
439.1843881516174,174.59846338191335,0.05697588359428286,7.186207262102496,5.3530518920621,8088208.01242449,1641.027352065895,0.21600146174669604
330.96741229246226,601.3137548592798,0.026639500544676162,103.22777810293609,3.0958136722210092,8240196.414966815,3486.3942357657993,0.4816755984185319
260.8130292526644,1281.8902559237522,0.11368100399753484,95.41068180663267,2.6642362691030548,2239030.219593998,4197.484359778044,0.3064319202473742
78.5576658176469,409.16787062661075,0.0976526028171402,9.86723098451289,2.9665161799038215,3191788.8597414405,2907.7267941619816,0.19731568533153654
81.1053683361642,254.44283590801405,0.12223462009026348,177.3054663961842,8.135772642822802,1032382.4047401056,5489.649337445687,0.07719251477404403
91.77484470987767,463.1520742508247,0.017385705363441667,49.61762075135005,0.3030876396132395,5507513.3019981105,3627.214329513187,0.3292291760797185
15.066652398919672,231.14174035691056,0.1592277224451427,87.00984798762495,0.7853953850542268,1238434.7905809232,1372.9067593814002,0.43699593501306455
335.01096810766865,525.1899575995756,0.10548049000397103,110.58336699508607,4.334273960952011,6496868.511784198,3856.497635577695,0.051725410763760665
344.9020672316705,274.3294750619643,0.04061485802111117,4.363283826433301,3.559200266803508,2719406.9166071014,3129.4115017502822,0.4190597609137394
162.5272251744423,407.33762081472923,0.2218890546051891,25.9981859033828,4.44937197017852,8491432.729928862,2127.2059400695152,0.44576312077850955
406.2037480305677,167.17344090749867,0.05900390204894238,65.06618462857357,0.07361000440073742,2002279.2996008699,2714.089855617985,0.14632246077754374
135.88201515021012,11.912107960970657,0.11504016959239878,45.014190357498514,8.23715337932343,3196069.401205464,5725.171376185582,0.33457416248654254
374.6745317808084,323.0771025721447,0.1419905415494734,39.62361973085051,6.947830737466876,5319856.585321752,5651.608522509349,0.11821413125921944
107.21883961186393,454.6867671138917,0.20183430129811963,163.99316452861987,7.470949943296182,2389624.081424455,5984.941378858194,0.20860766870699154
9.01294095779231,426.79621331813195,0.031960048597338475,159.55655968171553,3.454799940244842,2215075.2402617624,3399.2440671507034,0.37863113359435296
104.23443153512785,196.93732706927162,0.2120052368393449,99.19802551160144,0.6199198700944119,6600433.9576819595,4447.976394405094,0.4616021501627747
350.7450259642973,28.86824138153628,0.21475202786036834,162.89001361166282,5.480139083515272,7697145.116113926,2909.1078767764693,0.40414096989085385
88.00481435382495,964.440239697653,0.17141006364990083,46.96796990174354,8.754544861974649,3297310.3700647643,2598.490327121095,0.14015434104668967
97.51855535055098,731.6927879249286,0.2118635976944772,164.36219310813348,1.8300001582335124,5495247.64103989,961.2807513410421,0.32554921106201634
30.24328226042418,433.6844714550167,0.07457033722441181,5.963503961237018,14.320518134232028,7853451.802781744,2494.7688773022,0.3950269771305916
562.9117664162395,49.90206532164594,0.19332249577910002,44.07187314147437,2.320943466399805,4816953.740155288,3214.6521472899453,0.39348001015638745
429.43486499572145,400.246975372851,0.09110336200590281,54.9471300718089,1.9650530665559436,5244153.924834964,930.1697303459612,0.4843242177389371
42.82190111331167,384.1803843384617,0.06979881755718144,124.3110506564894,7.7359613999821795,1894482.4060006551,2489.7076645618226,0.3753524106476517
381.455419949384,282.37409811494797,0.0703107819141271,83.10007837690524,10.276189132250094,7459608.2951176865,2156.002705007677,0.1686829510085293
563.1317005351518,579.5965792504235,0.10866422666295292,126.06681281384954,0.12582636542058373,6806469.532180509,5763.305542246562,0.30412818892365434
155.61207880218575,132.00308136846897,0.03423008724470332,168.53836418482922,2.909416329381013,2138577.434185559,5329.12536995038,0.3239365527368136
64.70714651974185,363.583838474771,0.1416956341190213,33.00106427587585,0.567174355694997,4668640.726234363,1543.1894641533743,0.3157270376136059
193.44249508219406,391.4932957825086,0.15775227651592266,171.4848667773175,4.968336762267975,3927606.980794004,4227.907951195706,0.19860995835763073
76.31805762421911,237.82415581611798,0.1826748562055482,88.92358391754901,1.1800548316164696,8236777.012332903,3383.94081923523,0.4983570475351953
42.97027168834498,894.4591771794077,0.04605332463897603,174.52584628429653,4.600061416739996,7159396.359830397,2508.712618378343,0.3984641546147924
292.4883232506994,180.46552172331465,0.03483331404866674,163.78097351696778,14.752027603981876,3392824.54814231,1733.995829685405,0.437289411415929
129.52737232160214,372.53918999928305,6.254984576888056e-05,165.12986653501272,2.3916831859886685,3539247.0371127767,1190.262394679896,0.477752244888397
79.08892368609625,989.0711520173717,0.09473115162638349,121.69090434555928,3.5397786205631383,3400745.34146662,2920.6187445982237,0.30212992392472166
0.4042349328964967,414.9028880141959,0.18287536213153055,154.2381202422211,0.5998423541763394,6332580.1268588975,1064.7229874610848,0.4201291577342401
95.23463868067962,808.8980362940908,0.10757494258835751,171.22433559189824,7.094330422203607,7978033.047111387,2691.7809826771686,0.07535282629450399
23.29404440752419,23.926583365207073,0.07335036217600777,17.055653732891642,7.221440555235629,4671494.456956959,2724.2742040413295,0.2767616148686264
345.3140599742533,226.69511141346777,0.257816416715572,5.730529069006973,1.1689116629180503,1916134.482752984,2145.8854572808823,0.16340572071185613
126.00400232250284,892.4703423445718,0.05987280576754713,83.14405481109256,2.8667598139106225,5427726.712476846,3226.7067137009444,0.23235655026582713
344.44777765965904,611.2172500406402,0.05275809217465842,30.65122720764478,6.007526379642648,4057887.436615361,5554.6001435239305,0.37553695808477844
36.81032413720908,438.4481048212867,0.2773346557769102,113.42507579152763,17.960488380859882,5447705.44184142,2273.7444326008535,0.47370824054074423
176.2247893436518,830.058342835002,0.19574660780837327,135.63478841599803,6.217454773435473,1674899.4309802302,2041.438367010914,0.08151537303831996
154.97941617861542,22.898459395798106,0.1369981291675673,142.58330062653903,5.5279318984576165,3128404.1494406755,4799.974131446426,0.3523081092440024
127.81865835723724,550.3407868925298,0.04238983966128956,42.96255447208884,1.6603045191589996,5858708.202188025,2140.260573479766,0.0884712843854861
131.7832609577091,372.5648684655197,0.12847863677073498,101.48148016900717,6.147725321502662,6934809.906421345,4170.979947628916,0.19368277135865292
129.60386620264035,519.0560308784226,0.025918278650444798,112.6541880218964,9.294001556508935,8222093.03618846,4336.551855551241,0.05786118627187152
293.2438990726474,346.01114469564413,0.14418872653646164,12.143830371325116,5.458213521183152,6468047.637282235,4075.9559374747864,0.25092691075987383
271.902570254662,115.58653477743442,0.1536840146851562,178.5186454051678,1.8296504008712438,5011624.084047808,5015.239432434664,0.2128372387335915
25.597854082920975,176.88476861397092,0.040507761876181575,34.54136773015,1.9165850003918625,8434968.922679927,3950.419976659735,0.4280660101339456
37.831021415722624,316.346411746822,0.18353712022956079,79.64878772637074,7.997404819488668,4712648.491994219,4232.94059926425,0.4030091081503844
227.0684205502864,667.9022739012447,0.11060718208574719,168.23449862261901,4.269386957161751,4355077.16846506,4762.335028980273,0.3292410588470258
139.66327500672563,865.3436435764474,0.1264374970602429,136.57958061742144,2.3367392821806905,6873602.04090213,5127.72159584755,0.38159753350329706
223.9205696071202,481.04281210987097,0.031957155991191366,27.362432385302398,8.895042183420584,2090416.298985554,1878.9331221325324,0.052664779718402714
898.5949133338322,95.43785542449199,0.1581580397706268,43.18614698385242,2.486395943106074,7903089.497708402,5101.7777424232145,0.14959147500974707
183.07602656355596,684.5354976100117,0.013175226623320838,11.365150511394821,1.3267357808445315,3765320.7522597914,5090.593189671969,0.27331890083853827
403.47102239363795,240.14633200455424,0.034872629487974954,93.72110560494697,2.3648099138275316,3046409.6850386797,4229.654755443511,0.45979890591303263
986.6258682715219,556.1757525015921,0.12305608371857624,3.895580279805424,1.2236290240862182,8938574.130826572,3229.575788345609,0.4708424768213021
100.84280613139765,464.8465776264701,0.3271966669327936,12.683580134065263,7.117307931173358,7665017.80168103,1909.7755806465298,0.091515486289898
91.45339555974195,63.09005988693645,0.09697151926260297,11.802543400977854,2.7195360581512764,8470045.029195022,3028.1801743613505,0.33760515540199887
188.07021738653864,1089.101951266254,0.14351519602535195,138.53324673321362,0.1074312935752324,1618292.083421662,2851.4267510990794,0.211947110917393
114.66854913573098,195.08812589279677,0.04407895984247118,130.68457821036156,5.915810555803972,6822364.13989763,4370.653180684425,0.19790423788395678
59.08056383569934,139.9977146785392,0.12822154074036438,7.693607636764883,0.9808212160606763,1775135.7968379331,5790.016179655529,0.15331970011570878
38.89635422589575,332.07409048891236,0.0008519507050497171,174.2885413673265,10.93442192204232,8915216.456428677,4464.290098749083,0.40335118388664437
185.38068030578418,1333.693756339204,0.1096248914432017,2.379017046334002,0.7699824002064861,8774281.27048624,1096.2114475985022,0.3769964527011123
55.29902318747489,328.895868634968,0.009610915073546472,151.3529643658932,7.661183597734541,7006888.190683374,5795.215249010347,0.40965338303185606
137.80635964716404,19.189511562695316,0.04619695764986592,77.96621789804215,12.303279254651617,7267101.253051828,4145.653066084708,0.429761248535839
411.63622975362034,447.2562812371643,0.014535732525203002,94.38971925265636,2.111254611014302,8494293.870230865,2383.796356956763,0.051425251444406295
17.155339119611224,822.6895923054004,0.24200146694601224,96.10228222069964,4.566266973474522,3933809.2898282693,2865.770849760395,0.4297994536289901
4.0735818392247225,639.9881399907997,0.1015689947700702,0.35084278212322406,3.1066490217711245,7790727.806008117,4890.512518175372,0.14957284963647138
232.71690618713572,143.07133804466545,0.1273741473004159,93.01848745608672,2.0024759257836213,2716080.1809271807,3061.0867580433874,0.416542375508462
67.44941170517791,676.3863513055921,0.05688919637972412,160.89305302785993,5.0971305297040175,6374897.096499192,4308.91034433026,0.29972470046551036
485.979449121365,395.8199560843793,0.15171291219097988,100.63535116730826,0.6481249525484374,4956541.616881227,1906.8928994429125,0.3105066886493709
314.7778321556131,354.3860560857551,0.2498342759716197,122.03607625172428,0.3228573778496301,4986595.08964884,2185.127717618407,0.3247438236753074
389.9880420140995,1321.6130352146267,0.09289873913964361,11.954161338889564,3.008035306358601,1030884.3469957036,4649.434467124589,0.4972591586173036
244.58814860169178,279.36842885067773,0.12518223408988233,177.28333339337263,5.372581103654527,7468001.794023935,1010.9896142378603,0.17812147828311453
84.78215868313904,167.46674724663558,0.00014894054569727921,2.796122365687135,6.543509578305478,4934363.203430548,3954.040819672624,0.43943573937037705
170.43619751387195,733.540610506871,0.059163929623472875,129.50768348442432,2.161830467198506,7646041.46614493,2310.1727745446715,0.17049347111310179
361.44170849320227,184.54967532809042,0.10864164956258925,133.94416516162462,6.542851604406796,3209259.39574773,5854.218291267988,0.3566218712662037
264.810881724867,410.965403139367,0.0059956060249641285,79.63207706391928,2.0308420552489626,5615558.780004789,4466.872637815657,0.06089869922264814
36.11057666366314,486.6783249974159,0.14186765690383762,22.211477999579184,1.0441048996227729,5946461.49126359,4428.484699053646,0.09069637984543208
170.9663092282547,771.249850862695,0.19987454347346895,30.89889971853208,0.8725053157567156,1661120.2314347029,3068.59200025381,0.44070876755938376
586.1034102390471,228.23899645252604,0.16092218000158087,79.50277372119844,2.4030472430953815,5632566.831330294,3225.31647647216,0.21994535746817573
189.68782352459638,480.6509630484787,0.0706905350861245,93.4910443075439,3.229167593206186,4921998.476425353,2980.0100889791247,0.486396547215781
339.2278073762949,304.85901528618473,0.20804523492632496,92.47888112397187,2.319633933803404,8094206.32465291,4784.62909531523,0.3427685969330145
76.01414989621908,361.6353775517968,0.004973626135480663,49.058098665680234,5.406849585904431,3895688.893497617,4483.915471296588,0.2290345987403033
109.63864205169523,529.3826082709165,0.09807623170770956,106.89598460838985,1.608406284028704,4182039.454354107,5416.917258841941,0.15001472677397848
442.76170399343516,165.02763423994855,0.0194736969940858,145.22172249476895,6.187087458227277,7213504.686120962,5503.842722716886,0.20286708669845432
108.42021387507806,469.28232339556683,0.1944084877832884,12.000720530705657,3.8780079356205572,4140407.245483508,3905.5283531297146,0.44067814996785226
239.78573784634764,83.74988202322267,0.18086023126995632,156.10800974270168,5.169610121644404,1672642.292734893,1540.7930070036223,0.09642830170557978
286.8309875198617,392.8550777999334,0.06723936959740073,92.240022798333,3.585942391630478,4629179.524727529,5030.288271286555,0.16283558542291585
414.788641292628,68.27681633687726,0.053338324189896376,107.32758561555295,1.0745935458976088,8309131.787881282,955.8190081944159,0.36826214684030006
567.3015493810282,690.3673188676189,0.1311205192710963,14.164923777961151,9.876372299907139,3411874.7086720234,4417.8004723044905,0.3575047295550913
58.71782091339625,144.66987849116927,0.07253074431518422,27.797093086720782,7.947925298874047,5752957.12869941,3852.2561883816115,0.2876713000994919
349.471834446886,998.3392935120482,0.18522511585724505,174.92572664990982,1.4544233633134116,1776520.4773688952,5226.381037965306,0.2772410321351342
439.5401092833041,220.84666104210794,0.11904856987737257,3.622571712775149,2.1375940488008762,3647830.4579873565,1674.8468003036699,0.12370677513415337
70.6966776918634,806.852729871122,0.21166105058792017,166.38086586612158,4.8374751239087,8714595.152059518,2433.0868545154894,0.16118647961780647
135.81406116672056,256.34704340083283,0.051427854742404064,21.799710931487162,1.4968259692896912,3656206.749932898,2793.219306980288,0.39876257804855497
190.16292446574036,478.6510803723167,0.10020028737566172,74.12017714139907,0.9528023248910455,7225014.819868162,5320.941220641793,0.2287043821511091
11.841041270311074,756.1453567010169,0.06774517927613857,122.26649414803056,10.474147333436726,7824390.317190133,5519.02349986342,0.07496352071181883
97.51520993926847,1370.6381437745272,0.08804283308901348,73.06134845055108,4.870094098653352,8199164.369484537,4123.75903211243,0.1604981588629131
65.24692751379973,593.9648969076318,0.018074744744800947,123.80466487922781,2.75214852498598,6830050.9135337975,3874.0572955684856,0.1378367027671721
234.07764355325716,354.26731558856807,0.10711342439905955,146.85036651119225,5.860144704723189,2673057.7126768725,1382.0708117861586,0.10742551921569654
400.57252672518865,485.6165432398888,0.06084117380705581,124.01358199123906,1.898495095259694,5049059.455066964,2741.08326251593,0.36084906448315873
3.9757733551939474,67.91597962682127,0.22415108683628707,136.79408929649958,4.473968538608637,2808069.8236653544,3283.756851407763,0.26355151125399395
64.61920070305682,270.3351224712374,0.1343273376588438,34.771515165772634,0.38517171867385847,8993672.103791865,4210.345423157718,0.2743906603402592
189.13203140794857,326.28539620736785,0.11677963080160997,131.63077121649752,6.991746264170104,1336411.6902831506,5626.969181529237,0.21193623429232766
222.89587329280934,439.208665518002,0.021429995154047296,121.48004525133844,5.534848517098385,8938623.52489831,4122.956695993024,0.19475950378983709
229.97299608325577,121.95739336193591,0.14770542844371135,179.89937630770828,11.789127133763344,4442834.712372141,1378.9933076846098,0.057714722568825205
5.10001755755753,595.5265002137791,0.165717636692308,138.61805794959997,6.345402162421425,3595996.810423858,4375.888080280042,0.28864843243186056
397.23335372428306,150.82359181681306,0.14686617584750736,63.65938458166063,6.1285343698976185,1110468.7862314445,1990.1461566252565,0.4247444632239003
82.38028818738634,203.4062221877702,0.24405785290130674,164.05579529607334,5.64823634526347,5898449.91887299,5172.124136187553,0.40828700662385
190.48757313032343,584.2651050785012,0.060983131097649024,40.638608045805384,0.48742381240968824,6188709.636552098,4371.76258355887,0.21049135841241107
39.073415310130386,57.62515484612537,0.1366631154279613,58.87886408589035,2.4622039539041176,6879105.348246763,3818.3904056112174,0.4513444316512232
162.23225979903592,512.8668462468908,0.08062937314878146,175.37863210862616,6.467372392627748,8164333.194328979,5346.967862678647,0.44781085745263693
290.6109450484774,266.1622331874925,0.06420286444313858,7.849100289211577,5.7896755232285955,2736099.3562596603,4017.094105578451,0.25675925672944644
76.13184393269555,219.0682542138012,0.014627216292757497,133.03152103621724,11.703700479772827,5810792.276511045,4177.586752966903,0.20224946536307042
307.2420495930867,594.3574837365645,0.0394722332451003,176.48942354388092,3.3054173496183594,1680625.0444275462,1956.7854035028754,0.26468430930886844
20.656282608121714,779.6459360411238,0.10995165606058314,29.967240366823702,7.779488518123589,8578739.288715195,5567.238593324096,0.05303008623846644
196.1026538954208,390.6073265367149,0.07769654218439047,1.4714464597119448,7.410090871214259,8400714.13134403,3605.715257244071,0.32510061227029036
219.9712981203293,951.4386037899038,0.09140594054701012,158.51054652737577,4.554066454536676,4949384.017476812,1411.7254985676705,0.26200172085835033
26.846389974467044,120.85982078985946,0.2970139337576745,39.391504813035496,7.5324099539953195,4032634.872096265,2659.5524146419143,0.31960923041991085
308.12906657431455,177.56587085034286,0.08527744519261488,176.0337578628249,3.817477998016197,2729090.4667512616,5562.463269171193,0.16970351968562916
519.6143086677813,108.05297852269223,0.28837402207731594,7.705187360680748,6.763261542819628,7905778.840353324,4355.407619745522,0.28153568695957676
315.20048502613906,107.96519914034086,0.015881360793936136,148.9409843184444,9.711576275003585,5531872.627833954,3175.458568322734,0.34548631769069593
42.23288457277869,372.60676121983136,0.019780611947022117,122.43312650107296,4.130213812868658,2114147.7054805327,2154.1181656396056,0.08929424813449563
109.74841692007452,563.7298393360071,0.060040709458882596,43.1272895331447,2.0329417128124465,4695967.009413449,4869.90570483325,0.3907447062202449
33.25083217662048,1053.5391284811021,0.2162314850986654,97.63894101107626,5.056365562036306,4321706.45880493,5853.813024976625,0.43143550190469476
657.8298915385079,282.9933136631592,0.057517657726543416,141.36232082580221,4.599720203087918,7849310.69484533,1295.5944115390498,0.23690660034430477
149.71352535449202,848.5335772493561,0.20494453312412522,85.971266829972,4.752878467174314,5314857.041111431,3590.6293150424535,0.1211513315540705
104.75930088708863,55.04918005820511,0.1390292399063478,133.26701151996684,0.33602521546819275,1253327.1013214851,5523.219468803636,0.2504368990573496
63.032622554282085,181.8780748732491,0.1254262167323934,120.1155130809536,3.372000661731243,8127189.20370996,2907.743492152112,0.41587180655458156
27.911776207318063,813.4063791706332,0.09326109015706632,133.32424712747806,6.066053030229483,1358141.3634776904,1184.6632344606987,0.07639900362595667
36.487915569044986,130.02260373437593,0.10599214647997296,85.88773498643157,2.817326128128533,7159804.85149085,3395.8348973269794,0.4841307964642232
104.68775054876163,782.8343957672173,0.11309602348250183,147.8377592849109,3.9499092112709926,3096471.534814913,2652.5230343372878,0.26364309320367
209.03313138015173,764.0889419916414,0.12527133832520143,147.19710404471573,6.1275469680628545,7527606.744019604,2222.6838325226126,0.29288300948956214
444.60332738748906,58.09705131366093,0.06329306157311554,40.94831568253069,0.07473922636696373,5345657.9264158,5876.82076275814,0.23653828221615292
267.6249170959069,605.25758728817,0.1722946887888374,5.530009364941759,7.074228828084617,8719693.56343169,4071.2811786141924,0.30517394244317064
496.4880943709706,281.47700929639234,0.16615527559180587,1.2626237979250887,4.17243200043501,6187813.257996092,4754.18174577924,0.38485237872279543
134.4771377533283,209.49677038331336,0.03463606944544462,36.46443324037902,1.8400705869225518,4064258.893295883,1320.3843140565064,0.1912735352675753
31.60530374708312,471.7107518421817,0.11257799224701738,157.00658694469448,4.3187595102653376,4733013.422593337,1926.4059430791278,0.38633571068077716
157.13938265888856,1274.8279707864945,0.15031830800709337,165.75676165887572,4.257084056382559,8648084.28057113,3637.872358052105,0.42039009757149554
588.7931075450964,128.59835541539923,0.1007903563886352,97.04852367756502,2.018938236539009,1954538.9746142863,3084.474590838825,0.4266761781782763
552.0778266937793,186.01877815380493,0.009582588426541722,22.883920481577952,3.7820132545301615,4284128.789874855,2490.7726170139754,0.05857722367382939
12.141068731036956,276.71020234386725,0.27773034918941186,138.24701519402555,9.43316477108216,2543716.3061311506,2062.6175704672896,0.11886249249787992
275.3496187449858,141.56064545765256,0.06724499130913322,63.15246125356585,1.0291893076339023,3928933.310693523,4849.615711978808,0.12635209577867215
258.6437198141339,450.5802570551527,0.014244910726252002,148.25721919709085,2.5449862753808166,8839433.511118297,2600.3573099835567,0.3204754899932767
481.1201679296083,415.4010082411936,0.08920763145089564,77.70376461726056,2.5342636542608408,4837544.032416696,4713.2635474666695,0.2445807646792671
768.7273830036571,134.08446718319385,0.059872933702690374,5.207176504941183,0.3570462178763545,6940502.69241304,5290.22923730383,0.27889145957905076
67.96290682324226,208.79977207392173,0.17408590973930482,155.22286252843688,0.7852532693072305,6811763.75995596,5877.520542316777,0.4769456894315687
24.690434676501873,334.50335762493637,0.03777232431807018,112.66099418833714,4.298588649586518,6038663.006125439,5001.743402526228,0.45621156194485357
104.97527629781554,642.2263000013149,0.008689059648164313,120.5350533298539,4.76442488762895,4234990.379075259,3940.3768784302665,0.4701214346603613
212.0090679318902,167.86649464769897,0.07809967054882017,121.33811691856229,5.7800525489601675,2266485.178973454,5008.580511191034,0.4626230869775803
253.46579995213,11.51272587439913,0.13783524044135115,173.7429193419986,3.151526899034243,1942803.824486484,1760.5117145640334,0.3656956596137052
344.30146193725153,25.20364593714023,0.05593438213558813,140.3574256271518,2.415173208140439,1901071.4166658637,1665.3594359995682,0.38337779775982583
133.93340427685158,88.23187285225707,0.15967470187394847,99.81059192402357,3.3003145099660705,1411383.4434214816,5068.185599649177,0.45635944645348886
413.76697881628724,288.00463097902445,0.028510607213782735,153.51734968821714,2.936678106613461,5008207.784028662,5935.066672133982,0.3226070358668552
186.94189695548135,201.7859367677903,0.044092711273725445,122.33919168233375,2.756199035707099,8129936.92892578,5506.2328265265805,0.45046021277509923
371.7992787544821,442.28143852568974,0.12382193999113192,17.88292102837483,2.85195788881481,4501119.465323169,5067.87435496254,0.14294037646987018
383.8804566466233,395.79751878673255,0.18859051933516727,64.02609044485307,3.8299573528240853,1783372.767697819,3201.6241833847134,0.1228769600383254
63.26518729881114,693.9807555645658,0.1520319428101916,51.88319376507206,4.0892973479965775,3988710.114025394,3503.578960968188,0.11946296355331047
385.1446446759387,169.9365630859732,0.07138111209109836,163.9331510008887,7.578513627998329,6079722.327955994,5222.088751954007,0.1661527015437393
274.50447471101324,157.0459124356556,0.1134512678016652,132.65472483263574,1.0288790881765504,3176762.9558168533,1409.6807962386413,0.1582626498212442
183.6925658527197,304.935273501459,0.03676854784555131,54.736327326527736,1.6972784504846021,3447482.4974851296,3913.1967442884843,0.45515576281249037
112.87952515759588,339.85867128529196,0.07765885030048221,156.09796694616185,0.2086514497604665,2822439.8857730757,2737.3420022087184,0.07745954100755115
38.38801451593235,52.06009859918887,0.10015996686088846,82.17312881854937,1.9472423941454147,4116336.859868899,4820.904372973753,0.09963332889510901
508.83966234211636,766.688352420993,0.050434598824608906,81.30247327943897,8.097647269489395,4176471.145495448,3349.4563375237854,0.26430179766583767
591.0784035115897,182.31754149462643,0.037255791974030644,100.62421682341882,3.7386729227950237,3069407.2379743475,2324.109394615102,0.42367516303508157
214.5765125084425,640.0132760623659,0.212430829219724,36.12443865617169,4.132515713733509,4351863.693757757,1415.785130572593,0.20663731656245388
330.73494743668664,502.21314015103457,0.11816996132412598,128.00513891650587,3.9382157246014025,1349895.5146267074,3673.137207252794,0.34337659827893324
219.5472319309754,230.0821806809914,0.19308235128044754,177.00305946671622,5.29652140431898,5990980.053477442,5626.362109567408,0.3473150851694806
69.42159956650165,1133.864719641768,0.030738794526669874,4.056286693824953,11.73585932677933,8763029.367885157,4902.974563798134,0.41972997744915624
138.01540399707096,572.0341715297811,0.07867411021841247,29.914550445919353,2.8293850767571587,4546343.65260157,2675.6741559772963,0.24792216864124444
340.6170928668916,60.98573298378598,0.03503547003966265,95.10094357058622,9.329285191776961,7769938.0392129645,2198.735876645972,0.31285374821742357
230.6707333260439,752.6638702112411,0.10262152080472961,72.56457258985809,2.3642408094683156,8431051.75140846,5222.202635679176,0.4600007246984121
76.50667126002135,371.6058252685632,0.21110135313547151,95.40944774314238,4.582781896643091,5388465.794863682,3496.668411206737,0.19176409018445384
310.9602121392192,318.2170621480725,0.137622638334488,6.873285221982255,1.8792483556697803,7800698.441632722,5373.296640279122,0.21381949050131516
495.0461209491028,79.83004500287943,0.09190778415763518,160.1178196514367,0.5662798301035035,5487164.314192737,4906.1099296310385,0.4408539353410851
185.34305246974918,675.597817328677,0.04642489205923647,100.58887839293361,6.544712034858391,6069047.383307116,5037.009004888531,0.2732000030133725
242.1058665506494,269.49715668309875,0.06091146287978769,36.699162655689875,0.2933767140869812,3357246.753010273,3686.9492541882755,0.4639639573379465
641.0184850775219,214.020575413561,0.05580612934271319,99.7150894997784,4.183408186433525,7579333.803921106,2244.6265952625754,0.44944514686659714
352.679122931755,295.9558252003014,0.06500835014090042,166.56896538297556,3.7909787057903372,6197983.38206949,4696.229376916379,0.37426571406193937
82.12916496658059,486.40550056998507,0.08334441623914107,125.32656899744873,4.758543793190048,8752777.12437502,5742.341703504277,0.47403768476826963
81.76974293669943,240.15761504877528,0.025659332975168134,71.78120125025417,1.518492627106798,7604179.030844135,937.4136585052563,0.07660487758510078
192.02354598248493,199.80672442052625,0.27739410683267407,169.76717954633511,3.173848183786137,6598792.900593859,5178.0902503121315,0.09654262285480938
44.81477256815652,590.3151668837785,0.05873124225225896,51.44465370472061,0.9880347888974466,8302333.895499596,5482.273639184817,0.17252336509826244
151.53476978697677,635.9930335957984,0.2689121593855297,128.36647178044615,5.1374626055644,8621575.076389628,3124.507876325254,0.07922133477196988
35.31568744522728,963.8768168370015,0.25876508015217936,110.97368842203694,2.845357511587869,4940634.24716741,1976.1495416788773,0.16650698830616306
86.68467765582926,904.3724997256041,0.04093125242480371,171.30383888720544,4.6990518770308976,6370576.560980784,3932.0993910698794,0.12293964682312049
529.6154479508815,460.8784966404512,0.11082103993559955,44.19507496262195,0.5756002204673627,7213176.216993877,2599.568846327017,0.18425013362541448
472.772341448457,564.1506673034079,0.1993424355440797,178.8807298252158,0.7358758132900795,6512483.5953586,4156.801595572452,0.24294753869972496
447.046893584508,704.3156068175559,0.2537132428749409,24.956035120757146,3.276025624165778,1176579.9437646302,4837.6751812654875,0.05249943948374558
79.75392935103598,278.55263469103556,0.07137582479460848,3.885996524269455,2.3331575498563857,1657673.7980885375,5716.994144388272,0.42937725559743783
403.3128598195611,1525.193656128729,0.12643544477012222,6.697321671414073,4.065658954340407,6476986.707673293,2656.7491353882006,0.23598011209796965
118.53298048957166,1247.5194365368136,0.06781569664775385,129.04181309937567,10.091078167763063,5127517.482598144,1485.361276105632,0.32358281178571724
283.2246140968903,668.0253446440764,0.11372927398903208,146.020734718312,11.180887261089051,1572258.0553883417,1793.7692608575496,0.42940012321634546
153.62559390722515,195.0430852862026,0.07216674624021086,50.95748004824835,1.472805136645287,4236406.306620995,4873.073766009343,0.1722533625647792
425.5459458264495,56.685738586731716,0.10614200217187618,15.534729875712955,12.512922027627173,4703134.382650491,1985.5582050671812,0.26786670973527205
544.6359108977507,96.13517703639162,0.2507426402137376,162.06795507791193,2.0355515379691074,4934735.553800842,3335.324645886017,0.0657365793491909
229.35084911138992,285.2788077669382,0.07546641802008677,127.36491870887009,11.867339798715467,7198817.935582992,5492.310772907275,0.3906590675118367
20.73459657428315,399.333109442195,0.05713981201083597,100.16851953149147,3.2254965229508903,4269361.799266947,1939.0284067547543,0.2668147403547519
408.0094974768785,716.115302678401,0.05874266689773738,61.91259860968213,8.29315054153761,2034805.6347171194,4689.96914891531,0.17911494139201145
370.4897823442178,475.63010630632937,0.04021863457203843,142.89523222998142,3.533631229340072,8101206.207442325,2778.82297416267,0.40784474593927184
169.2654488414486,115.42007224522199,0.2622765447886476,80.6228566629659,11.650850604610858,4787257.154500565,2867.043243619177,0.37254958502313695
260.30692186826616,1167.1690399537556,0.00007235109142773177,114.80137853856921,0.17064686109494198,4894786.765204895,3414.20486055405,0.29125903115202867
251.3373080454438,608.9218396313742,0.07763661566605631,128.79157105477697,2.2255647000037224,1396102.772641477,4595.289499468355,0.21199709449518983
365.0000000000000,24.00000000000000,0.01670000000000000,23.500000000000000,1.0000000000000000,6400000.000000000,5510.000000000000,0.30000000000000000